 198771  00  I.N.T  604        23.00  SOL        23.00  SOL        23.00  AHO 194-36830982-0-10   14062025 234248 14062025 06-27
0         1         2         3         4         5         6         7         8         9         10         11         12       
01234567890123456789012345678901234567890123456789012345678901234567890123456789012345678901234567890123456789012345678901234567
--------------------------------------------------------------------------------------------------------------------------------

   3         6012 650036         PLIN-VANESSA BERROSPI     Visa Direct   PE    420829       NO   516523243643  05  NO 59E-COMMMERCE
0         1         2         3         4         5         6         7         8         9         10         11         12         13
01234567890123456789012345678901234567890123456789012345678901234567890123456789012345678901234567890123456789012345678901234567890
-----------------------------------------------------------------------------------------------------------------------------------

